0.420854 
0.340549 
0.352438 
0.278901 
0.420854 
0.340549 
0.352438 
0.278901 
5.84937e-07 
0.00783989 
0.00784072 
0.99072 
5.84914e-07 
0.00783958 
0.00784044 
0.990719 
3.20435e-06 
0.0137327 
0.0137371 
0.983746 
3.20434e-06 
0.0137327 
0.0137371 
0.983746 
5.84858e-07 
0.00783954 
0.00784037 
0.99072 
5.84856e-07 
0.0078395 
0.00784035 
0.99072 
0.000131921 
0.0458324 
0.0459861 
0.946088 
0.000131922 
0.0458327 
0.045986 
0.946088 
0.00013156 
0.0457924 
0.0459457 
0.946135 
0.00013156 
0.0457925 
0.0459457 
0.946135 
0.000131777 
0.0458165 
0.0459701 
0.946107 
0.000131778 
0.0458166 
0.0459702 
0.946107 
3.20572e-06 
0.0137347 
0.0137391 
0.983744 
3.20562e-06 
0.0137343 
0.0137386 
0.983743 
3.20529e-06 
0.013734 
0.0137385 
0.983744 
3.20531e-06 
0.0137342 
0.0137385 
0.983745 
0.000365378 
0.0632898 
0.0635709 
0.926194 
0.000365379 
0.0632898 
0.0635708 
0.926194 
0.000365378 
0.0632898 
0.0635709 
0.926194 
0.000365379 
0.0632898 
0.0635708 
0.926194 
0.000365378 
0.0632898 
0.0635709 
0.926194 
0.000365379 
0.0632898 
0.0635708 
0.926194 
3.2061e-06 
0.0137352 
0.0137396 
0.983743 
3.20595e-06 
0.0137346 
0.0137389 
0.983742 
3.40013e-05 
0.00477083 
0.00476947 
0.992381 
3.40014e-05 
0.0047708 
0.00476946 
0.992381 
0.000234006 
0.018818 
0.0187719 
0.970969 
0.000234007 
0.018818 
0.0187719 
0.970969 
0.000285053 
0.0194499 
0.0185882 
0.971354 
0.000285054 
0.0194498 
0.0185885 
0.971354 
0.000820008 
0.0221921 
0.0231605 
0.960606 
0.000820013 
0.0221922 
0.0231605 
0.960606 
0.000268131 
0.0207517 
0.0209688 
0.962615 
0.000268129 
0.0207514 
0.0209685 
0.962615 
0.000349933 
0.0211648 
0.0206631 
0.962689 
0.000349934 
0.021165 
0.0206632 
0.962689 
0.00210743 
0.025992 
0.0216531 
0.959512 
0.00210745 
0.0259923 
0.0216533 
0.959512 
0.000247616 
0.0208418 
0.0202255 
0.9631 
0.000247617 
0.0208421 
0.0202255 
0.9631 
0.000973456 
0.0208614 
0.0216281 
0.965032 
0.000973459 
0.0208617 
0.0216282 
0.965032 
0.0272539 
0.179353 
0.217344 
0.754341 
0.0272538 
0.179352 
0.217343 
0.75434 
0.0270973 
0.21519 
0.242143 
0.710193 
0.0270973 
0.215191 
0.242144 
0.710193 
0.0352717 
0.177953 
0.198144 
0.73985 
0.0352715 
0.177951 
0.198142 
0.739848 
3.59565e-05 
0.00477756 
0.00474137 
0.992456 
3.59565e-05 
0.00477755 
0.00474134 
0.992456 
0.999989 
0.999995 
0.999994 
0.999997 
0.999989 
0.999995 
0.999994 
0.999997 
4.70799e-05 
0.00492 
0.00506367 
0.992009 
4.708e-05 
0.00492001 
0.00506368 
0.992009 
0.262599 
0.264575 
0.263678 
0.264899 
0.262599 
0.264574 
0.263677 
0.264899 
0.583812 
0.595403 
0.587871 
0.599451 
0.583812 
0.595403 
0.587871 
0.599451 
0.308094 
0.303316 
0.298665 
0.293521 
0.308094 
0.303316 
0.298665 
0.293521 
0.916007 
0.919038 
0.915279 
0.918305 
0.916007 
0.919037 
0.915279 
0.918304 
0.713296 
0.724156 
0.705837 
0.71684 
0.713296 
0.724156 
0.705837 
0.71684 
0.751091 
0.755674 
0.766476 
0.770601 
0.751091 
0.755674 
0.766476 
0.770601 
0.854359 
0.85409 
0.870708 
0.869599 
0.854359 
0.85409 
0.870708 
0.869599 
0.864111 
0.864491 
0.863618 
0.864044 
0.864111 
0.864492 
0.863618 
0.864044 
0.818373 
0.886137 
0.902875 
0.94137 
0.818374 
0.886137 
0.902876 
0.941371 
0.763027 
0.838527 
0.880842 
0.922613 
0.763028 
0.838527 
0.880842 
0.922613 
0.80749 
0.870399 
0.858036 
0.906343 
0.80749 
0.870399 
0.858036 
0.906343 
0.68684 
0.826617 
0.748061 
0.86585 
0.68684 
0.826617 
0.748061 
0.86585 
0.82928 
0.882728 
0.883944 
0.92189 
0.829281 
0.882728 
0.883944 
0.92189 
0.741639 
0.727402 
0.816018 
0.804801 
0.74164 
0.727403 
0.816019 
0.804802 
0.752875 
0.869354 
0.858164 
0.929653 
0.752876 
0.869354 
0.858164 
0.929653 
0.790516 
0.888574 
0.885547 
0.942365 
0.790516 
0.888573 
0.885547 
0.942365 
0.747313 
0.704395 
0.833449 
0.80127 
0.747313 
0.704394 
0.833449 
0.80127 
0.800136 
0.890054 
0.82103 
0.902691 
0.800137 
0.890055 
0.821031 
0.902692 
0.378178 
0.365858 
0.32073 
0.309351 
0.378178 
0.365858 
0.32073 
0.309351 
0.374135 
0.485106 
0.346431 
0.45516 
0.374135 
0.485106 
0.346431 
0.45516 
0.373034 
0.371668 
0.443373 
0.44193 
0.373034 
0.371668 
0.443373 
0.441931 
0.400843 
0.374011 
0.428377 
0.400935 
0.400843 
0.374011 
0.428377 
0.400935 
